image_width: 320
image_height: 240
camera_name: left_camera
camera_matrix:
  rows: 3
  cols: 3
  data: [437.0117805952502, 0, 168.7362572813031, 0, 436.3890997036821, 114.4494083073273, 0, 0, 1]
distortion_model: plumb_bob
distortion_coefficients:
  rows: 1
  cols: 5
  data: [0.2157391877982823, -1.060655101678059, -0.008929832647874274, 0.008411379307937268, 0]
rectification_matrix:
  rows: 3
  cols: 3
  data: [0.9862653725336429, -0.003648175640570403, 0.1651281494947793, 0.005451261592058926, 0.9999303557994706, -0.01046743988753077, -0.165078462217606, 0.0112238302392577, 0.9862165720300134]
projection_matrix:
  rows: 3
  cols: 4
  data: [498.8470226311358, 0, 94.86238288879395, 0, 0, 498.8470226311358, 106.2433795928955, 0, 0, 0, 1, 0]