image_width: 320
image_height: 240
camera_name: right_camera
camera_matrix:
  rows: 3
  cols: 3
  data: [436.3869890189712, 0, 185.6463832399936, 0, 435.3021824608753, 102.7318665095597, 0, 0, 1]
distortion_model: plumb_bob
distortion_coefficients:
  rows: 1
  cols: 5
  data: [0.1831030005074285, -0.8474066665414945, -0.01000041101939313, 0.004098967043520826, 0]
rectification_matrix:
  rows: 3
  cols: 3
  data: [0.9845196191412083, -0.0115737311777097, 0.1748918759481874, 0.009662271000874145, 0.9998839652533197, 0.01177694987693313, -0.1750078856656344, -0.009904785506220665, 0.9845172091837298]
projection_matrix:
  rows: 3
  cols: 4
  data: [498.8470226311358, 0, 94.86238288879395, -13.51431406135034, 0, 498.8470226311358, 106.2433795928955, 0, 0, 0, 1, 0]